30.000000 1335.000026 1
31.000000 1421.670027 1
36.000000 1851.620037 1
44.000000 2697.420055 1
45.000000 2811.250058 1
46.000000 2929.520061 1
47.000000 3052.230063 1
48.000000 3170.380066 1
49.000000 3291.970069 1
60.000000 4839.500103 1
61.000000 4991.370106 1
62.000000 5152.680110 1
72.000000 6860.980148 1
73.000000 7045.130152 1
74.000000 7225.720157 1
75.000000 7415.750161 1
76.000000 7608.220165 1
85.000000 9437.250207 1
86.000000 9660.120212 1
87.000000 9879.430217 1
88.000000 10100.180222 1
97.000000 12191.730269 1
98.000000 12437.880275 1
99.000000 12687.470280 1
34.500000 1909.320033 2
35.250000 2007.750035 2
36.750000 2108.620037 2
39.100000 2425.870044 2
40.250000 2536.500046 2
43.440000 2883.030053 2
52.500000 4054.380077 2
53.150000 4196.730080 2
59.090000 5102.070100 2
60.460000 5261.500103 2
67.250000 6445.830128 2
68.750000 6624.780132 2
69.110000 6806.170136 2
70.540000 6990.000140 2
71.980000 7176.270144 2
72.710000 7364.980148 2
73.150000 7556.130152 2
83.640000 9601.830197 2
84.230000 9819.820202 2
85.110000 10040.250207 2
86.720000 10263.120212 2
95.390000 12378.750258 2
96.710000 12626.020264 2
99.070000 13382.470280 2